white
-300.0;-75.0;200.0;-300.0;75.0;200.0
-300.0;75.0;200.0;-100.0;75.0;200.0
-100.0;75.0;200.0;-100.0;-75.0;200.0
-100.0;-75.0;200.0;-300.0;-75.0;200.0
blue
-300.0;-75.0;500.0;-300.0;75.0;500.0
-300.0;75.0;500.0;-100.0;75.0;500.0
-100.0;75.0;500.0;-100.0;-75.0;500.0
-100.0;-75.0;500.0;-300.0;-75.0;500.0
red
-100.0;75.0;200.0;-100.0;-75.0;200.0
-100.0;-75.0;200.0;-100.0;-75.0;500.0
-100.0;-75.0;500.0;-100.0;75.0;500.0
-100.0;75.0;500.0;-100.0;75.0;200.0
white
-300.0;75.0;200.0;-300.0;-75.0;200.0
-300.0;-75.0;200.0;-300.0;-75.0;500.0
-300.0;-75.0;500.0;-300.0;75.0;500.0
-300.0;75.0;500.0;-300.0;75.0;200.0
green
-300.0;75.0;200.0;-100.0;75.0;200.0
-100.0;75.0;200.0;-100.0;75.0;500.0
-100.0;75.0;500.0;-300.0;75.0;500.0
-300.0;75.0;500.0;-300.0;75.0;200.0
gold
-300.0;-75.0;200.0;-100.0;-75.0;200.0
-100.0;-75.0;200.0;-100.0;-75.0;500.0
-100.0;-75.0;500.0;-300.0;-75.0;500.0
-300.0;-75.0;500.0;-300.0;-75.0;200.0